    1    27    6.393
    1    54    8.745
    2    24    7.830
    2    26    5.541
    2    55    6.655
    3    25    6.261
    3    27    7.664
    3    36   12.364
    3    38   10.391
    3    52    7.190
    3    54    5.152
    4    24    5.664
    4    55    8.360
    5    19    8.452
    5    23    6.074
    5    25    8.658
    6    53    8.072
    7    51    7.007
    8    20    5.050
    8    21    5.631
    9    12   10.743
    9    16   11.375
    9    19    6.182
    9    35   14.829
    9    47    8.817
    9    48   10.129
    9    51    9.710
   10    18    5.348
   11    16    6.099
   11    18    5.731
   11    43   13.923
   12    16    7.722
   13    16    6.420
   15    46    7.305
   16    35   11.139
   17    38    9.733
   17    40    8.995
   17    43    8.416
   17    47    7.598
   19    23    7.981
   19    25   10.334
   19    40    8.174
   19    47    9.775
   19    51   11.871
   19    52   12.081
   20    23    6.692
   23    40    9.397
   24    55   11.079
   25    38    7.464
   25    40    6.465
   25    52   10.627
   26    39    6.184
   27    30    8.579
   27    36    8.907
   27    38    5.507
   27    54   10.020
   28    37    6.247
   28    44    9.867
   29    37    6.057
   30    36    5.932
   32    35    6.731
   35    46    7.040
   35    48    5.506
   36    49    6.256
   36    52   10.531
   36    54   13.244
   37    44    8.189
   37    46    5.195
   38    47    8.782
   39    44    5.090
   47    52    9.875
   48    51    6.691
