    1    26     5.943365     0.448305
    1    27     5.327683     0.760195
    1    28     7.879235     0.448305
    1    54     7.287632     0.381156
    1    55     7.029104     0.448305
    2    24     6.524795     1.490744
    2    25     5.535645     0.672458
    2    26     4.617091     0.919010
    2    27     5.536752     0.448305
    2    54     6.125946     0.448305
    2    55     5.545871     1.560622
    3    24     5.737819     0.672458
    3    25     5.217248     1.372162
    3    26     6.334185     0.672458
    3    27     6.386886     1.372162
    3    36    10.303614     1.096882
    3    38     8.659501     1.168878
    3    52     5.991870     1.168878
    3    53     5.086847     0.336229
    3    54     4.293157     0.527266
    3    55     5.364547     0.448305
    4    23     5.810025     0.336229
    4    24     4.719814     1.490744
    4    25     6.204770     0.672458
    4    52     5.517631     0.336229
    4    53     5.046100     1.344916
    4    54     6.478474     0.336229
    4    55     6.966616     1.560622
    5    19     7.043417     0.834308
    5    22     5.055081     1.681145
    5    23     5.061281     0.359981
    5    24     6.352958     0.336229
    5    25     7.215113     1.039709
    5    53     6.577710     0.336229
    6    23     8.105304     0.336229
    6    51     5.261839     1.681145
    6    53     6.726678     0.713609
    7    50     9.385403     0.336229
    7    51     5.839455     0.883011
    7    52     7.639432     0.336229
    8    19     5.719155     0.672458
    8    20     4.208079     0.355746
    8    21     4.692718     0.355746
    8    51     8.248263     0.336229
    9    12     8.952291     0.550559
    9    16     9.479472     0.590792
    9    18     5.342299     0.672458
    9    19     5.151537     1.039709
    9    20     6.286636     0.672458
    9    35    12.357880     0.986771
    9    47     7.347705     0.978300
    9    48     8.440704     0.675493
    9    51     8.091994     0.883011
   10    18     4.456667     0.402331
   10    19     6.526192     0.672458
   11    16     5.082299     0.192696
   11    18     4.776001     0.368451
   11    43    11.602208     0.480680
   12    16     6.434945     1.053614
   13    16     5.350045     0.313395
   13    17     8.281556     0.672458
   14    46     9.204911     0.336229
   15    45     5.431713     0.336229
   15    46     6.087334     0.842778
   15    47     9.048748     0.336229
   16    35     9.282698     0.633143
   16    46     4.388269     0.336229
   17    38     8.110445     1.168878
   17    40     7.495945     1.168878
   17    43     7.013001     0.650083
   17    46     5.760208     1.344916
   17    47     6.331857     1.168878
   19    23     6.650431     1.216664
   19    25     8.611866     1.357339
   19    40     6.812013     1.126528
   19    47     8.145449     1.126528
   19    51     9.892187     1.039709
   19    52    10.067590     1.126528
   20    23     5.576467     0.355746
   20    24     9.174723     0.672458
   23    40     7.830889     0.525148
   24    55     9.232090     1.490744
   25    38     6.219725     1.372162
   25    39     5.751063     0.672458
   25    40     5.387531     1.372162
   25    52     8.855593     1.372162
   26    38     5.472114     0.672458
   26    39     5.153053     0.368451
   26    40     7.010353     0.672458
   27    30     7.148944     0.830073
   27    36     7.422145     1.300166
   27    37     6.363632     0.336229
   27    38     4.589519     1.372162
   27    39     6.670017     0.672458
   27    54     8.349686     0.713609
   28    36     7.547653     0.336229
   28    37     5.205832     1.386067
   28    38     4.964199     0.336229
   28    44     8.222499     0.855484
   29    36     5.926789     0.672458
   29    37     5.047455     0.592451
   29    38     7.015866     0.672458
   30    36     4.943744     0.633143
   30    37     6.553070     0.672458
   32    35     5.609401     0.650083
   34    49     5.179841     1.344916
   34    50     7.129920     1.344916
   35    46     5.866747     1.304401
   35    47     5.604113     0.336229
   35    48     4.587961     0.789840
   36    46     5.228296     0.336229
   36    47     5.531051     1.344916
   36    48     6.115938     0.336229
   36    49     5.213197     0.808898
   36    52     8.776033     1.096882
   36    54    11.036928     0.569617
   37    44     6.824114     0.273162
   37    45     5.019578     0.336229
   37    46     4.328801     0.711491
   37    47     6.527542     0.336229
   38    44     5.452201     0.336229
   38    45     5.584021     1.344916
   38    46     6.230469     0.336229
   38    47     7.318722     1.168878
   39    43     5.323166     0.672458
   39    44     4.241822     0.300690
   39    45     6.661972     0.336229
   40    43     5.069854     1.344916
   40    44     6.272240     0.672458
   47    51     7.517300     0.672458
   47    52     8.228984     1.168878
   48    51     5.575923     0.675493
   48    52     7.321433     0.672458
   49    52     5.684314     1.344916
